2022	17.1
2021	19.0
2020	20.25
2019	19.3157894737
2018	20.6818181818
2017	21.7777777778
2016	20.8571428571
2015	20.7083333333
2014	22.8888888889
2013	20.5555555556
2012	19.125
2011	19.5
2010	20.275862069
2009	20.0555555556
2008	19.5769230769
2007	20.5416666667
2006	21.1666666667
2005	18.0526315789
2004	19.8095238095
2003	19.0454545455
2002	21.8888888889
2001	20.2105263158
2000	22.4375
1999	17.625
1998	20.15
1997	17.8181818182
1996	19.5833333333
1995	18.75
1994	18.3333333333
1993	23.3125
1992	20.125
1991	19.0588235294
1990	20.1111111111
1989	17.0
1988	20.7142857143
1987	17.3529411765
1986	21.1851851852
1985	21.5882352941
1984	18.6
1983	18.4615384615
1982	20.8
1981	18.380952381
1980	19.3333333333
1979	20.05
1978	18.5625
1977	19.4814814815
1976	19.8888888889
1975	21.04
1974	18.8125
1973	20.75
1972	20.2608695652
1971	20.6666666667
1970	18.9047619048
